[1,36.200,0.000,1.000,2,[-1.200,  2.000],[-1.200, -0.885], [ 2.000,  2.406]]
[2,36.200,-1.066,1.000,3,[-1.200,  2.000],[-1.200, -0.885, -2.200], [ 2.000,  2.406,  3.000]]
[3,36.200,-2.413,1.000,4,[-1.200,  2.000],[-1.200, -0.885, -2.200, -0.200], [ 2.000,  2.406,  3.000,  1.000]]
[4,36.200,-4.124,1.000,5,[-1.200,  2.000],[-1.200, -0.885, -2.200, -0.200, -2.200], [ 2.000,  2.406,  3.000,  1.000,  1.000]]
[5,36.200,-2.103,1.000,6,[-1.200,  2.000],[-1.200, -0.885, -2.200, -0.200, -2.200, -0.200], [ 2.000,  2.406,  3.000,  1.000,  1.000,  2.069]]
[6,36.200,-2.691,0.500,6,[-1.200,  2.000],[-1.200, -0.870, -0.885, -2.200, -2.200, -0.200], [ 2.000,  1.647,  2.406,  3.000,  1.000,  1.000]]
[7,36.200,-0.175,0.250,6,[-1.200,  2.000],[-1.200, -0.870, -0.834, -0.885, -0.700, -2.200], [ 2.000,  1.647,  1.658,  2.406,  1.998,  3.000]]
[8,9.920,1.963,0.297,6,[-1.278,  1.851],[-1.200, -0.870, -0.834, -0.885, -1.278, -2.200], [ 2.000,  1.647,  1.658,  2.406,  1.851,  3.000]]
[9,6.716,0.522,0.297,6,[-1.374,  1.785],[-1.200, -0.870, -0.834, -1.374, -1.278, -2.200], [ 2.000,  1.647,  1.658,  1.785,  1.851,  3.000]]
[10,5.880,0.909,0.297,6,[-1.374,  1.839],[-1.200, -0.870, -0.834, -1.374, -1.374, -2.200], [ 2.000,  1.647,  1.658,  1.785,  1.839,  3.000]]
[11,5.873,4.003,0.297,6,[-1.373,  1.837],[-1.200, -0.870, -0.834, -1.373, -1.374, -2.200], [ 2.000,  1.647,  1.658,  1.837,  1.839,  3.000]]
[12,5.873,-3.529,0.149,6,[-1.373,  1.837],[-1.373, -1.278, -1.374, -1.200, -0.870, -0.834], [ 1.837,  1.851,  1.785,  2.000,  1.647,  1.658]]
[13,5.823,37.683,0.149,6,[-1.371,  1.835],[-1.373, -1.278, -1.374, -1.200, -1.371, -0.834], [ 1.837,  1.851,  1.785,  2.000,  1.835,  1.658]]
[14,5.823,-0.061,0.074,6,[-1.371,  1.835],[-1.371, -1.373, -1.372, -1.278, -1.454, -1.374], [ 1.835,  1.837,  1.832,  1.851,  1.984,  1.785]]
[15,5.407,1.111,0.149,6,[-1.324,  1.761],[-1.371, -1.373, -1.372, -1.278, -1.324, -1.374], [ 1.835,  1.837,  1.832,  1.851,  1.761,  1.785]]
[16,5.171,2.928,0.269,6,[-1.274,  1.626],[-1.371, -1.373, -1.372, -1.278, -1.324, -1.274], [ 1.835,  1.837,  1.832,  1.851,  1.761,  1.626]]
[17,4.886,0.459,0.538,6,[-1.181,  1.357],[-1.371, -1.373, -1.372, -1.278, -1.181, -1.274], [ 1.835,  1.837,  1.832,  1.851,  1.357,  1.626]]
[18,4.886,-1.036,0.269,6,[-1.181,  1.357],[-1.181, -1.274, -0.870, -1.374, -1.015, -0.834], [ 1.357,  1.626,  1.647,  1.785,  0.926,  1.658]]
[19,4.886,-1.759,0.134,6,[-1.181,  1.357],[-1.181, -1.341, -1.274, -0.870, -0.834, -1.324], [ 1.357,  1.089,  1.626,  1.647,  1.658,  1.761]]
[20,4.886,-0.177,0.067,6,[-1.181,  1.357],[-1.181, -1.046, -1.341, -1.274, -0.870, -0.834], [ 1.357,  1.223,  1.089,  1.626,  1.647,  1.658]]
[21,4.886,-1.258,0.034,6,[-1.181,  1.357],[-1.181, -1.248, -1.341, -1.046, -1.274, -0.870], [ 1.357,  1.425,  1.089,  1.223,  1.626,  1.647]]
[22,4.886,-0.044,0.017,4,[-1.181,  1.357],[-1.181, -1.157, -1.248, -1.046], [ 1.357,  1.391,  1.425,  1.223]]
[23,4.701,0.809,0.034,4,[-1.164,  1.341],[-1.181, -1.157, -1.248, -1.164], [ 1.357,  1.391,  1.425,  1.341]]
[24,4.701,-3.134,0.034,5,[-1.164,  1.341],[-1.181, -1.157, -1.248, -1.164, -1.197], [ 1.357,  1.391,  1.425,  1.341,  1.307]]
[25,4.701,-0.599,0.034,6,[-1.164,  1.341],[-1.181, -1.157, -1.248, -1.164, -1.197, -1.130], [ 1.357,  1.391,  1.425,  1.341,  1.307,  1.374]]
[26,4.592,1.510,0.060,3,[-1.141,  1.311],[-1.341, -1.197, -1.141], [ 1.089,  1.307,  1.311]]
[27,4.592,-0.272,0.060,4,[-1.141,  1.311],[-1.341, -1.197, -1.141, -1.081], [ 1.089,  1.307,  1.311,  1.371]]
[28,4.592,-0.238,0.060,5,[-1.141,  1.311],[-1.341, -1.197, -1.141, -1.081, -1.081], [ 1.089,  1.307,  1.311,  1.371,  1.251]]
[29,4.592,-0.251,0.060,6,[-1.141,  1.311],[-1.341, -1.197, -1.141, -1.081, -1.081, -1.201], [ 1.089,  1.307,  1.311,  1.371,  1.251,  1.371]]
[30,4.592,0.217,0.060,6,[-1.141,  1.311],[-1.164, -1.181, -1.141, -1.197, -1.130, -1.130], [ 1.341,  1.357,  1.311,  1.307,  1.374,  1.347]]
[31,4.479,1.098,0.120,6,[-1.115,  1.251],[-1.164, -1.181, -1.141, -1.197, -1.115, -1.130], [ 1.341,  1.357,  1.311,  1.307,  1.251,  1.347]]
[32,4.260,0.830,0.240,6,[-1.064,  1.131],[-1.164, -1.181, -1.141, -1.064, -1.115, -1.130], [ 1.341,  1.357,  1.311,  1.131,  1.251,  1.347]]
[33,4.144,0.265,0.480,6,[-0.970,  0.891],[-1.164, -1.181, -1.141, -1.064, -0.970, -1.130], [ 1.341,  1.357,  1.311,  1.131,  0.891,  1.347]]
[34,4.144,-0.265,0.480,6,[-0.970,  0.891],[-1.164, -1.181, -1.141, -1.064, -0.970, -1.450], [ 1.341,  1.357,  1.311,  1.131,  0.891,  0.411]]
[35,4.060,0.220,0.715,6,[-0.791,  0.533],[-1.164, -1.181, -1.141, -0.791, -0.970, -1.450], [ 1.341,  1.357,  1.311,  0.533,  0.891,  0.411]]
[36,4.060,-0.000,0.358,6,[-0.791,  0.533],[-0.791, -0.970, -1.341, -1.064, -1.450, -1.046], [ 0.533,  0.891,  1.089,  1.131,  0.411,  1.223]]
[37,3.648,1.326,0.523,6,[-0.902,  0.795],[-0.791, -0.970, -1.341, -0.902, -1.450, -1.046], [ 0.533,  0.891,  1.089,  0.795,  0.411,  1.223]]
[38,3.604,5.417,0.523,6,[-0.894,  0.788],[-0.791, -0.970, -1.341, -0.902, -1.450, -0.894], [ 0.533,  0.891,  1.089,  0.795,  0.411,  0.788]]
[39,3.604,-0.448,0.262,6,[-0.894,  0.788],[-0.894, -0.970, -0.791, -1.064, -1.341, -1.046], [ 0.788,  0.891,  0.533,  1.131,  1.089,  1.223]]
[40,3.586,9.767,0.262,6,[-0.891,  0.785],[-0.894, -0.970, -0.791, -0.891, -1.341, -1.046], [ 0.788,  0.891,  0.533,  0.785,  1.089,  1.223]]
[41,3.163,0.895,0.523,6,[-0.746,  0.523],[-0.894, -0.970, -0.791, -0.891, -1.341, -0.746], [ 0.788,  0.891,  0.533,  0.785,  1.089,  0.523]]
[42,3.163,-1.703,0.262,6,[-0.746,  0.523],[-0.746, -0.791, -0.891, -0.970, -0.474, -1.341], [ 0.523,  0.533,  0.785,  0.891, -0.000,  1.089]]
[43,3.163,-2.538,0.131,6,[-0.746,  0.523],[-0.746, -0.791, -0.786, -0.891, -1.341, -1.046], [ 0.523,  0.533,  0.586,  0.785,  1.089,  1.223]]
[44,3.163,-0.625,0.065,6,[-0.746,  0.523],[-0.746, -0.791, -0.786, -0.679, -0.902, -0.970], [ 0.523,  0.533,  0.586,  0.392,  0.795,  0.891]]
[45,3.116,0.070,0.131,6,[-0.681,  0.517],[-0.746, -0.791, -0.786, -0.681, -0.902, -0.970], [ 0.523,  0.533,  0.586,  0.517,  0.795,  0.891]]
[46,2.693,1.489,0.262,6,[-0.634,  0.387],[-0.746, -0.791, -0.786, -0.681, -0.902, -0.634], [ 0.523,  0.533,  0.586,  0.517,  0.795,  0.387]]
[47,2.693,-0.516,0.131,6,[-0.634,  0.387],[-0.634, -0.679, -0.681, -0.746, -0.791, -0.786], [ 0.387,  0.392,  0.517,  0.523,  0.533,  0.586]]
[48,2.452,1.340,0.262,6,[-0.535,  0.256],[-0.634, -0.679, -0.681, -0.535, -0.791, -0.786], [ 0.387,  0.392,  0.517,  0.256,  0.533,  0.586]]
[49,2.452,-4.760,0.131,6,[-0.535,  0.256],[-0.535, -0.634, -0.459, -0.679, -0.474, -0.359], [ 0.256,  0.387,  0.125,  0.392, -0.000, -0.006]]
[50,2.432,4.242,0.131,6,[-0.540,  0.267],[-0.535, -0.634, -0.459, -0.679, -0.474, -0.540], [ 0.256,  0.387,  0.125,  0.392, -0.000,  0.267]]
[51,2.272,2.706,0.131,6,[-0.502,  0.239],[-0.535, -0.634, -0.459, -0.502, -0.474, -0.540], [ 0.256,  0.387,  0.125,  0.239, -0.000,  0.267]]
[52,1.888,0.824,0.262,6,[-0.371,  0.129],[-0.535, -0.634, -0.459, -0.502, -0.474, -0.371], [ 0.256,  0.387,  0.125,  0.239, -0.000,  0.129]]
[53,1.888,-2.883,0.131,6,[-0.371,  0.129],[-0.371, -0.459, -0.474, -0.502, -0.359, -0.535], [ 0.129,  0.125, -0.000,  0.239, -0.006,  0.256]]
[54,1.652,2.404,0.200,6,[-0.271,  0.054],[-0.371, -0.459, -0.474, -0.502, -0.359, -0.271], [ 0.129,  0.125, -0.000,  0.239, -0.006,  0.054]]
[55,1.652,-2.912,0.100,6,[-0.271,  0.054],[-0.271, -0.359, -0.371, -0.109, -0.459, -0.071], [ 0.054, -0.006,  0.129, -0.133,  0.125, -0.110]]
[56,1.652,-0.061,0.050,6,[-0.271,  0.054],[-0.271, -0.359, -0.171, -0.371, -0.109, -0.459], [ 0.054, -0.006,  0.086,  0.129, -0.133,  0.125]]
[57,1.525,0.709,0.100,6,[-0.221,  0.067],[-0.271, -0.359, -0.171, -0.221, -0.109, -0.459], [ 0.054, -0.006,  0.086,  0.067, -0.133,  0.125]]
[58,1.525,-0.166,0.050,6,[-0.221,  0.067],[-0.221, -0.271, -0.171, -0.269, -0.359, -0.371], [ 0.067,  0.054,  0.086,  0.167, -0.006,  0.129]]
[59,1.525,-1.462,0.025,6,[-0.221,  0.067],[-0.221, -0.259, -0.271, -0.171, -0.269, -0.359], [ 0.067,  0.086,  0.054,  0.086,  0.167, -0.006]]
[60,1.432,0.244,0.050,6,[-0.196,  0.042],[-0.221, -0.259, -0.271, -0.171, -0.269, -0.196], [ 0.067,  0.086,  0.054,  0.086,  0.167,  0.042]]
[61,1.316,0.774,0.100,6,[-0.146,  0.017],[-0.221, -0.259, -0.271, -0.146, -0.269, -0.196], [ 0.067,  0.086,  0.054,  0.017,  0.167,  0.042]]
[62,1.260,0.262,0.200,6,[-0.046, -0.038],[-0.221, -0.259, -0.271, -0.146, -0.269, -0.046], [ 0.067,  0.086,  0.054,  0.017,  0.167, -0.038]]
[63,1.260,-8.574,0.100,6,[-0.046, -0.038],[-0.046, -0.071, -0.109, -0.196, -0.171, -0.146], [-0.038, -0.110, -0.133,  0.042,  0.086,  0.017]]
[64,0.938,0.887,0.200,6,[ 0.053, -0.018],[-0.046, -0.071, -0.109, -0.196, -0.171,  0.053], [-0.038, -0.110, -0.133,  0.042,  0.086, -0.018]]
[65,0.938,-5.670,0.100,6,[ 0.053, -0.018],[ 0.053, -0.046, -0.071, -0.109,  0.253, -0.146], [-0.018, -0.038, -0.110, -0.133, -0.058,  0.017]]
[66,0.938,-2.038,0.050,6,[ 0.053, -0.018],[ 0.053, -0.029, -0.046, -0.071, -0.109,  0.253], [-0.018,  0.053, -0.038, -0.110, -0.133, -0.058]]
[67,0.917,1.328,0.050,6,[ 0.045, -0.005],[ 0.053, -0.029, -0.046, -0.071, -0.109,  0.045], [-0.018,  0.053, -0.038, -0.110, -0.133, -0.005]]
[68,0.917,-8.682,0.025,6,[ 0.045, -0.005],[ 0.045,  0.042,  0.053, -0.029, -0.046, -0.071], [-0.005, -0.004, -0.018,  0.053, -0.038, -0.110]]
[69,0.866,0.969,0.050,6,[0.070, 0.002],[ 0.045,  0.042,  0.053,  0.070, -0.046, -0.071], [-0.005, -0.004, -0.018,  0.002, -0.038, -0.110]]
[70,0.788,0.877,0.100,6,[0.120, 0.003],[ 0.045,  0.042,  0.053,  0.070,  0.120, -0.071], [-0.005, -0.004, -0.018,  0.002,  0.003, -0.110]]
[71,0.788,-0.156,0.050,6,[0.120, 0.003],[ 0.120,  0.070,  0.053,  0.045,  0.253,  0.220], [ 0.003,  0.002, -0.018, -0.005, -0.058,  0.004]]
[72,0.722,2.131,0.100,6,[0.170, 0.011],[ 0.120,  0.070,  0.053,  0.170,  0.253,  0.220], [ 0.003,  0.002, -0.018,  0.011, -0.058,  0.004]]
[73,0.537,0.777,0.200,6,[0.270, 0.067],[ 0.120,  0.070,  0.053,  0.170,  0.253,  0.270], [ 0.003,  0.002, -0.018,  0.011, -0.058,  0.067]]
[74,0.537,-7.017,0.100,6,[0.270, 0.067],[ 0.270,  0.220,  0.170,  0.253,  0.470,  0.070], [ 0.067,  0.004,  0.011, -0.058,  0.114,  0.002]]
[75,0.537,-2.374,0.050,6,[0.270, 0.067],[ 0.270,  0.220,  0.170,  0.170,  0.253,  0.120], [ 0.067,  0.004,  0.059,  0.011, -0.058,  0.003]]
[76,0.503,0.634,0.100,6,[0.320, 0.082],[ 0.270,  0.220,  0.170,  0.320,  0.253,  0.120], [ 0.067,  0.004,  0.059,  0.082, -0.058,  0.003]]
[77,0.469,1.056,0.148,6,[0.394, 0.123],[ 0.270,  0.220,  0.170,  0.320,  0.253,  0.394], [ 0.067,  0.004,  0.059,  0.082, -0.058,  0.123]]
[78,0.469,2.247,0.148,6,[0.397, 0.125],[ 0.270,  0.220,  0.170,  0.397,  0.253,  0.394], [ 0.067,  0.004,  0.059,  0.125, -0.058,  0.123]]
[79,0.464,88.414,0.148,6,[0.396, 0.126],[ 0.270,  0.220,  0.170,  0.397,  0.253,  0.396], [ 0.067,  0.004,  0.059,  0.125, -0.058,  0.126]]
[80,0.374,0.339,0.297,6,[0.545, 0.256],[ 0.270,  0.220,  0.170,  0.545,  0.253,  0.396], [ 0.067,  0.004,  0.059,  0.256, -0.058,  0.126]]
[81,0.374,-3.059,0.148,6,[0.545, 0.256],[ 0.545,  0.525,  0.470,  0.397,  0.320,  0.253], [ 0.256,  0.228,  0.114,  0.125,  0.082, -0.058]]
[82,0.374,-0.556,0.074,6,[0.545, 0.256],[0.545, 0.525, 0.453, 0.470, 0.397, 0.320], [0.256, 0.228, 0.262, 0.114, 0.125, 0.082]]
[83,0.207,1.627,0.095,6,[0.562, 0.304],[0.545, 0.525, 0.453, 0.470, 0.397, 0.562], [0.256, 0.228, 0.262, 0.114, 0.125, 0.304]]
[84,0.199,0.475,0.095,6,[0.554, 0.308],[0.545, 0.525, 0.453, 0.554, 0.397, 0.562], [0.256, 0.228, 0.262, 0.308, 0.125, 0.304]]
[85,0.155,0.189,0.190,6,[0.649, 0.403],[0.545, 0.525, 0.453, 0.554, 0.397, 0.649], [0.256, 0.228, 0.262, 0.308, 0.125, 0.403]]
[86,0.136,4.188,0.190,6,[0.664, 0.425],[0.545, 0.525, 0.453, 0.554, 0.664, 0.649], [0.256, 0.228, 0.262, 0.308, 0.425, 0.403]]
[87,0.136,-0.786,0.095,6,[0.664, 0.425],[0.664, 0.649, 0.554, 0.545, 0.474, 0.453], [0.425, 0.403, 0.308, 0.256, 0.615, 0.262]]
[88,0.136,-1.519,0.047,6,[0.664, 0.425],[0.664, 0.649, 0.753, 0.554, 0.562, 0.545], [0.425, 0.403, 0.520, 0.308, 0.304, 0.256]]
[89,0.108,0.631,0.071,6,[0.675, 0.461],[0.664, 0.649, 0.753, 0.675, 0.562, 0.545], [0.425, 0.403, 0.520, 0.461, 0.304, 0.256]]
[90,0.103,1.426,0.071,6,[0.680, 0.461],[0.664, 0.649, 0.753, 0.675, 0.562, 0.680], [0.425, 0.403, 0.520, 0.461, 0.304, 0.461]]
[91,0.089,4.835,0.071,6,[0.703, 0.491],[0.664, 0.649, 0.753, 0.703, 0.562, 0.680], [0.425, 0.403, 0.520, 0.491, 0.304, 0.461]]
[92,0.069,0.938,0.143,6,[0.756, 0.562],[0.664, 0.649, 0.753, 0.703, 0.756, 0.680], [0.425, 0.403, 0.520, 0.491, 0.562, 0.461]]
[93,0.069,-0.822,0.071,6,[0.756, 0.562],[0.756, 0.753, 0.808, 0.703, 0.554, 0.474], [0.562, 0.520, 0.633, 0.491, 0.308, 0.615]]
[94,0.067,0.345,0.071,6,[0.743, 0.554],[0.756, 0.753, 0.808, 0.743, 0.554, 0.474], [0.562, 0.520, 0.633, 0.554, 0.308, 0.615]]
[95,0.061,8.978,0.071,6,[0.761, 0.573],[0.756, 0.753, 0.808, 0.743, 0.761, 0.474], [0.562, 0.520, 0.633, 0.554, 0.573, 0.615]]
[96,0.055,2.077,0.071,6,[0.770, 0.588],[0.756, 0.753, 0.808, 0.770, 0.761, 0.474], [0.562, 0.520, 0.633, 0.588, 0.573, 0.615]]
[97,0.055,-0.203,0.036,6,[0.770, 0.588],[0.770, 0.761, 0.756, 0.743, 0.808, 0.753], [0.588, 0.573, 0.562, 0.554, 0.633, 0.520]]
[98,0.044,0.992,0.071,6,[0.790, 0.624],[0.770, 0.761, 0.756, 0.790, 0.808, 0.753], [0.588, 0.573, 0.562, 0.624, 0.633, 0.520]]
[99,0.028,1.232,0.143,6,[0.836, 0.695],[0.770, 0.761, 0.756, 0.790, 0.836, 0.753], [0.588, 0.573, 0.562, 0.624, 0.695, 0.520]]
[100,0.028,-2.557,0.071,6,[0.836, 0.695],[0.836, 0.798, 0.808, 0.770, 0.930, 0.753], [0.695, 0.659, 0.633, 0.588, 0.838, 0.520]]
[101,0.025,3.553,0.071,6,[0.843, 0.709],[0.836, 0.798, 0.808, 0.770, 0.930, 0.843], [0.695, 0.659, 0.633, 0.588, 0.838, 0.709]]
[102,0.015,2.028,0.124,6,[0.878, 0.771],[0.836, 0.798, 0.808, 0.878, 0.930, 0.843], [0.695, 0.659, 0.633, 0.771, 0.838, 0.709]]
[103,0.005,0.379,0.248,6,[0.949, 0.895],[0.836, 0.798, 0.808, 0.878, 0.930, 0.949], [0.695, 0.659, 0.633, 0.771, 0.838, 0.895]]
[104,0.005,-8.921,0.124,6,[0.949, 0.895],[0.949, 0.930, 0.998, 0.878, 0.675, 0.474], [0.895, 0.838, 0.980, 0.771, 0.461, 0.615]]
[105,0.005,-2.997,0.062,6,[0.949, 0.895],[0.949, 0.930, 0.998, 0.888, 0.808, 0.743], [0.895, 0.838, 0.980, 0.806, 0.633, 0.554]]
[106,0.005,-0.441,0.031,6,[0.949, 0.895],[0.949, 0.930, 0.914, 0.998, 0.888, 0.798], [0.895, 0.838, 0.833, 0.980, 0.806, 0.659]]
[107,0.005,-4.550,0.015,6,[0.949, 0.895],[0.949, 0.967, 0.930, 0.914, 0.998, 0.888], [0.895, 0.920, 0.838, 0.833, 0.980, 0.806]]
[108,0.003,0.656,0.026,6,[0.952, 0.909],[0.949, 0.967, 0.930, 0.952, 0.998, 0.888], [0.895, 0.920, 0.838, 0.909, 0.980, 0.806]]
[109,0.003,-1.988,0.013,6,[0.952, 0.909],[0.952, 0.949, 0.967, 0.944, 0.930, 0.998], [0.909, 0.895, 0.920, 0.891, 0.838, 0.980]]
[110,0.002,1.637,0.026,6,[0.960, 0.922],[0.952, 0.949, 0.967, 0.960, 0.930, 0.998], [0.909, 0.895, 0.920, 0.922, 0.838, 0.980]]
[111,0.001,2.866,0.026,6,[0.966, 0.934],[0.952, 0.949, 0.967, 0.960, 0.930, 0.966], [0.909, 0.895, 0.920, 0.922, 0.838, 0.934]]
[112,0.000,0.813,0.053,6,[0.980, 0.960],[0.952, 0.949, 0.967, 0.980, 0.930, 0.966], [0.909, 0.895, 0.920, 0.960, 0.838, 0.934]]
[113,0.000,0.598,0.053,6,[0.993, 0.985],[0.952, 0.949, 0.967, 0.980, 0.930, 0.993], [0.909, 0.895, 0.920, 0.960, 0.838, 0.985]]
[114,0.000,3.466,0.053,6,[0.990, 0.979],[0.952, 0.949, 0.967, 0.990, 0.930, 0.993], [0.909, 0.895, 0.920, 0.979, 0.838, 0.985]]
[115,0.000,1.124,0.053,6,[0.987, 0.974],[0.952, 0.949, 0.967, 0.990, 0.930, 0.987], [0.909, 0.895, 0.920, 0.979, 0.838, 0.974]]
[116,0.000,0.000,0.026,6,[0.987, 0.974],[0.987, 0.990, 0.998, 0.966, 0.967, 0.888], [0.974, 0.979, 0.980, 0.934, 0.920, 0.806]]
[117,0.000,-0.616,0.013,6,[0.987, 0.974],[0.987, 0.990, 0.998, 0.980, 0.967, 0.998], [0.974, 0.979, 0.980, 0.960, 0.920, 1.000]]
[118,0.000,0.862,0.026,6,[0.993, 0.987],[0.987, 0.990, 0.998, 0.980, 0.967, 0.993], [0.974, 0.979, 0.980, 0.960, 0.920, 0.987]]
[119,0.000,1.987,0.026,6,[0.997, 0.994],[0.987, 0.990, 0.998, 0.997, 0.967, 0.993], [0.974, 0.979, 0.980, 0.994, 0.920, 0.987]]
[120,0.000,0.207,0.026,6,[1.001, 1.001],[0.987, 0.990, 0.998, 0.997, 0.967, 1.001], [0.974, 0.979, 0.980, 0.994, 0.920, 1.001]]
[121,0.000,1.638,0.026,6,[0.999, 0.998],[0.987, 0.990, 0.998, 0.999, 0.967, 1.001], [0.974, 0.979, 0.980, 0.998, 0.920, 1.001]]
[122,0.000,1.714,0.026,6,[0.999, 0.997],[0.987, 0.990, 0.998, 0.999, 0.967, 0.999], [0.974, 0.979, 0.980, 0.998, 0.920, 0.997]]
[123,0.000,0.000,0.013,6,[0.999, 0.997],[0.999, 0.999, 0.998, 0.990, 0.966, 0.998], [0.997, 0.998, 1.000, 0.979, 0.934, 0.980]]
[124,0.000,1.283,0.013,6,[1.000, 0.999],[0.999, 0.999, 0.998, 1.000, 0.966, 0.998], [0.997, 0.998, 1.000, 0.999, 0.934, 0.980]]
[125,0.000,0.000,0.007,6,[1.000, 0.999],[1.000, 0.999, 1.001, 0.998, 0.993, 0.993], [0.999, 0.998, 1.001, 1.000, 0.987, 0.985]]
[126,0.000,0.000,0.003,6,[1.000, 0.999],[1.000, 0.999, 1.001, 0.998, 0.997, 0.993], [0.999, 0.998, 1.001, 1.000, 0.994, 0.985]]
[127,0.000,0.000,0.002,6,[1.000, 0.999],[1.000, 0.999, 1.001, 0.999, 0.998, 0.993], [0.999, 0.998, 1.001, 0.997, 1.000, 0.985]]
[128,0.000,0.000,0.001,5,[1.000, 0.999],[1.000, 0.999, 1.001, 0.999, 0.998], [0.999, 0.998, 1.001, 0.997, 1.000]]
[129,0.000,0.000,0.000,5,[1.000, 0.999],[1.000, 0.999, 1.001, 0.999, 0.998], [0.999, 0.998, 1.001, 0.997, 1.000]]
[130,0.000,0.000,0.000,5,[1.000, 0.999],[1.000, 0.999, 1.001, 0.999, 0.998], [0.999, 0.998, 1.001, 0.997, 1.000]]
[131,0.000,0.000,0.000,3,[1.000, 0.999],[1.000, 0.999, 1.001], [0.999, 0.998, 1.001]]
[132,0.000,-0.936,0.000,3,[1.000, 0.999],[1.000, 1.000, 0.999], [0.999, 0.999, 0.998]]
[133,0.000,0.000,0.000,2,[1.000, 0.999],[1.000, 1.000], [0.999, 0.999]]
[134,0.000,0.000,0.000,3,[1.000, 0.999],[1.000, 1.000, 1.000], [0.999, 0.999, 0.999]]
[135,0.000,0.000,0.000,3,[1.000, 0.999],[1.000, 1.000, 1.000], [0.999, 0.999, 0.999]]
[136,0.000,0.000,0.000,3,[1.000, 0.999],[1.000, 1.000, 1.000], [0.999, 0.999, 0.999]]
[137,0.000,0.000,0.000,3,[1.000, 0.999],[1.000, 1.000, 1.000], [0.999, 0.999, 0.999]]
[138,0.000,0.000,0.000,3,[1.000, 0.999],[1.000, 1.000, 1.000], [0.999, 0.999, 0.999]]
[139,0.000,0.000,0.000,3,[1.000, 0.999],[1.000, 1.000, 1.000], [0.999, 0.999, 0.999]]
